           1
   0.0000000000000000        0.0000000000000000        0.0000000000000000
   0.0000000000000000        12.000000000000000        0.0000000000000000
  -0.0000000000000000        12.000000000000000       -0.0000000000000000
  -1.0000000000000000        0.0000000000000000        1.2246063538223773E-016
  -6.1230062572508816E-019  0.99998750002603864       -4.9999791672965558E-003
  -1.2245910462748416E-016  -4.9999791672964942E-003 -0.99998750002603864
  -1.2245859439664198E-018  0.99995000041665316       -9.9998333353743130E-003
  -1.2245451240149223E-016  -9.9998333353742523E-003 -0.99995000041665316
           2
  -0.0000000000000000        12.000000000000000       -0.0000000000000000     
  -1.2245859439664198E-017   21.999500004166531       -9.9998333353743127E-002
  -1.2245859439664198E-017   21.999500004166531       -9.9998333353743127E-002
  -1.0000000000000000        0.0000000000000000        1.2246063538223773E-016
  -3.1454364975520520E-017  0.96645051919063985      -0.25685286441101390     
  -1.1835214464557929E-016 -0.25685286441101379      -0.96645051919063985     
  -5.9732129077265403E-017  0.87297443872791880      -0.48776595753258062     
  -1.0690500443907327E-016 -0.48776595753258051      -0.87297443872791869     
